-1.887451 0 -0.62915 0.109462 0.068478 0.043735
-1.887451 0 0.62915 0.109462 0.068478 0.043735
1.887451 0 0.62915 0.109462 0.068478 0.043735
1.887451 0 -0.62915 0.109462 0.068478 0.043735
-1.887451 0 -1.887451 0.000304 0.004025 0.004777
1.887451 0 -1.887451 0.000304 0.004025 0.004777
-1.887451 0 -0.62915 0.000304 0.004025 0.004777
1.887451 0 -0.62915 0.000304 0.004025 0.004777
-1.887451 0 1.887451 0.93011 0.921581 0.887923
1.887451 0 1.887451 0.93011 0.921581 0.887923
-1.887451 0 0.62915 0.93011 0.921581 0.887923
1.887451 0 0.62915 0.93011 0.921581 0.887923
